‚ 1111111111111110111. Ι

Α 11111111 11111111 11111111, 111111111 11 11 1453. os
1630. 11111 1111111111 11111, nem szabad 1 mai fogalmak 1111111
111111111111111 1111111, 1111111111 111111111 1111111, moly 1
11111111111111111 1111111111111111 11111 11 1111111111111111111
1111 1111111111 1 111111 1 111111111611111111111111111 11111
111111111111111 1111111111 111111 1111111, 11111111111111111111111
1111111111111111 111111, ha 1111 11111 11111, mort 1111111111
11116111111111 11111111111111111 jellemzi 1 111111111111111111111
1111111111 1111111111 111111 1111111111111111111. 11111 11111111
111 1111111111 111111, 11111 11111111111111111Κ11111111111111
1111 11111111. Α 11111111111 1111111 11111111111111111111111111
11111111 111111 1111111111 11111111 1111111111 111111111, 11111
111 11111111 van itt 111, 1111111111 a 1111111111 1111111111
1111111111111111111111, 11111 111 1 111111111111 111111 1111
1111111111 meg 1111111 1111111111, 1111Ι 16111 az 11111 111111
11111111111, 11111 111 111111111111111111111 10 111111 (1111111
1111111111, quia multum papiri occupabot¹ 11 11 1111111 nem is
lehetne 1 1111111 111111111111111,111 111 11111111, 11111 11 1
papir, 11111111111111 11111111 111111111, 11111111 ’ 111, 111111
garos 11111.

Α 1111111 1111111 rondes 1111111111 1 111111111111 (11111
11111111, 1111111111 a 11111111 1111111111111111111111 promotio
1111111111] 1111111 1111111111, 11111111 ozon 111111111111111111111
1111111111111111111 11111111111111111111 111 11111111111111
11 111611 11111111. Η111111111111 11 1111111111, 1111111111
11111111 1111111111 1111111111 11111111111111111, 1111111111
1111111111 11111111111 Ε1111 11111111 11111111 az 11111111
1111111116 11111111 1111111611 11 az 11111111111111111111111,111’1
pedig 11 1111111 1 11111111 iinnepi 1111111111111, 11111111111
1111111111111111 1111. Η1 11111111 111111111111111 1 drogo
1111111111111 1111, 11111111111111111 pedellusok 1111111111,

ιΜ111.1111.Η1111.1311111. 1476. 1.- Η111 pl. egy 1111111
1111111111, 111111111 1 1111111 1525. Ι-1ὅΙ 1111111111,11111 1111 meg 1
111111 11111111111 unus non 1111 justi ponderis 278. old.)‚ 111 hat 1111111-
bozo 1111111111111111111111111 111 1111 oven 1111111111,

 

