LXXVII

11 11111111101-1111111 111111111111 111111111111 1111111111
1 1 1111111111111 1111111111 111111 11111111 1111111111111,
111111111111111111111111 1111111. 1110110111101, 111101, maga
az eredeti 1111111111 111111111111, 11111111 1 1111111111 11
1111111 1111111 1111111 11111111 111111 11111111, 1 mint 111 1
1111111011 1111111110101 11111111111011111011 101110111 01110111
11111111. Ι111101111 most 111111111111 56-1111111101011 11111· ’
111 egy (11111111 11. 11111 1111 10111 1111111111 1111111 101111
1111111. .
«11111111 1 111111 148 papiros· 119 1111111111111111,
11111111 11111 117 11111111 111. De 1 11111011 1111111111 1111
1111116111111111111 1 111111111 11111110111111 1110111111,
hogy 11111111 11111111111111111111011 1011. Δ 1111 1111111111
1111111111 11111111) 11 1111111111 111-4., 11-13., 14., 811,
94-91.111111111) 1111111111 1111111111 11. Ι)1 111101 nem
1011111111111 11111111, 1111111101 nem akarom.
·Α111111111111111111 1111 11111 11111111111011111 meg·
1111111. Α1 1 1131111111 1111111111111, 1111111 maga. a 10111011
(1 1111111101) 1111111111 1111111 1111111111, egy (nem 111111-
1011) pergamen 1111111 11111 l-gyel kezd6dik 1 a 60-(1111 1111111
11. 11111111 1 1111111111 111 0111 affl„ 11-13. 11 11111-
, 11111 111111 meg, de 1111 1111111 1 11111111 1111111111 11 nagy
rendetlens6gbe 10111 1 1111111111, 1111111 1 11111 1111111111
1111111111111111111111111110111111111 101011. Α 11011111
1111110111111111111111111111111 1., 5-10., 111-11, 11-
13, 11-10, 111-111111, 11, 11-10, 11 e‘r veget az
1111 111110111; 1111101111, 1111 111Χ17.11111111111111111-
111111 1111111111111111 1011111111 1111101111 1611111 11111111
11111111111111111111 11111 1111113 11, 1111 1111111 1111111-
1111 111111111111 1111111 111111 1 1111111 1110111111 11111-
111111111 11111 185-86., 1011111194-96-(1111, ameg-
lev6k 111111111111 1111110111111111 11111111111111111 160.
1111111 1 66-67-1111, 111111 1 (sl-65„ 68-84, 87-93.,
97-168-(111 1111111111111111111. Ve'gre 1111111111, 11111
1111111111111111111101110111 1111111 1 11111 1 mult 1111111-
111, 11111111 011111101111111 1111101111 11111111111 0111-
1111 1111111111111 11 1111011111 11110111 11111011 1111111111
1110111; (11111111 persze - 11111111 11111111 Ι1011111111111

 

