X

kiinyvnek 11 1111111, 1111111, 11113111 vagy 1 11111 11111111
11111111111111161-11 be, 11111 111111 mindegy 11111111111111111
111111, 11111 611 11111111111111 11111 11 1111111111 11111111
1111111111. Μ111111 111111111111111111111111111, 1111111111
11111111 111111 111111111111 1111111111, 11111 11111111 1111-
111111111 11111111, 1111111111 (1111111 11111111, 1111 11111111
111111111 11111111111111111 1111111111 11111111, 1111- 1111111
1111111111111111 11111111 - 11 1111111 1111111111 13991111,
11111111 61 111111 11111111 11111111 1414-1111 tin-mni. Ε1111
1111 1111111 1161111111 111111111, hogy 11111111111111111611-
16111111111111111 1111111111 11, de 1111 11111 sem 11111111
11111111 1111111111 11111, 11111 1 1111111111 1 1111616111
111111111111, 161 11111111 1 11111111 11111111111111 11111111·
1111 1111111111 a hallgatdk arinylng 1111111161. 0111 1111111),
1111161 1 16. 1111111 111111 11111111 11111, 1111111 1111111116-
pene 1111111111 1111111 11111111, 11111111111 11111111, 11
1111111111 1111111111111111 111111111111, 1 1111111111 1111116111
111111111 11111, hogy 1111 11111 1111111111 11111 1111 11 11111111ι
11111 nigre 111111111111111111111 111111, 11111 11111111 11
111111111111111 1111111111 1111111111 111111111111 111 11111111-
111111111 111111 11,111111111111(1111111 11111 11111111111111-

111111111111111111111111 11161111111111111 111111 11131111.ι
Η11111111111 1111111111 11 1111111111111 11111111111 111111,
1111 11 1111111111 1111111111 1111 111111 11111111 1111111111- “
(11161 11111 ’111111111111111; de 1111 1111, hogy 11111111 1111111

1111111111, 111 1 1111111111 mind 61111111111 1111, arra
mutat, hogy 1 consistorium eme rendelete, mint megannyi

1111 11111111, minden 111111 11111111 maram, 1 1111 111111 1116 4

mulva teljesen 1111111111 11 ment. igy 1111 1111111111 11111116-
161111 11131 11111 111111111111111 1111111 111111 1 1111111111
11111113111111, kik nem 111111111111111111111111111. Alap-
1111111111 1111111111 ugyan, hogy minden 111111 11111111 11111-
11111, ha 1111 1 111111 11111 11111111111, 1 1111111 11111111111

111111111111111111111 1116111111, 11111 111111111 11111111, 111
11111111 1 1111111111 111111111111111111 nem engedelmesked-

¹ 11111111111111111111111 az anynkiinyvbe 1111111111111111111 11111-
1111111111161 1515. 1111111111 21-161 111111111111. II. 327. 111111.

 

