LXXI

111. 111111111111 1110111111.

A 1111111 1111111111 113111011111101 11111111111111 merto
11131111111111 1111111 1163 1311111111 1111111101 11 1111111 111-
3111, 11111 abban 111011, 11031 1131111111 11111110111111111111-
111111 1111311111 1163111111111311 61111111 1111111111 11111111
1111101 11111 11011011. Ez a kegyeletes gyskorlst, 1 1111111111
1111111111 1111111ὃ11111111 1111111111 11111111101011 3111113 1011,
1111011 11111 111101 sem 1111111113 0111111111 111111131111111,
1111161111 11131111111111, hol ezer meg ezer 111111 1111131111
1113111 1113111, 1111111111 11111111111111111,10111101 meg 6111
11111111 11131111131111 1111111611 1111111, 111111 kiizdelemben 11111
011 10111111111110111111101111. Az 111111111111 1111011111 116
1111111 1 10110111 111111111131111111 1111111 11111111 1 11111111
1 1111111111 110116 11111111 st, 1131111111 113111111111111 11161
111111, 111 1611111111 1101 nap 1110111161111111111 1 10110-
nok 11111111 11111111 111111111111 1110110111 11110111 1131111-
11111311. .
Α 1111011111 111111 11311111111631111 1111111111 az 13111
13111111, a 1111011 11 1111111111, 1113111113 az 11611 1311111111
10101111, 111111111111 61 1111111111111101 1161111. Es ez 1
11311116116111111 mig 1 1111111111 sem 611 11311, 1111111
11111116 1011 1 11111161 1116113611, 11031 az 1131 1011111111
1131111 1131 11111 1111111, 11031 1113611 13111111 11311
1111111101, 11131 111113 01111 1113111 1111111 11311111-111111
1101. Α1 13111111 1111131131111), 1385-1111 slapszabrilysibsn⁸
elrendelte, 11031 0111111 1 3111111111 61 mint 11111 1111111116
1131 1111111 1311111111 11111113311 1611111011 113011 1111111
1111111161 113111 111111113611 13111111 1113111111111311,
1 11031 ason nap0n‚ amelyen e'rtiik a 11111 missit 11111111 1161-
11611, 1113111111 111111 pedig 11111111 11 1111111011111 111111-
111111111 11111. Mindon 1111 11111111, azaz 1 10111111 11310111)
111111 nem 31111111 »suppositum« 1111111 111111111δὸ1 misr
akkor is 11111 1111111111 1011111 11111611111, 11031 11111111-
111 16111113111111.1 De 1103111 111111111111 11011 1113011111-

· 11113111111111111111111111111 13851111 e'vbiil l. Kinknsl i. h. 11.
77.: »11111111 101113111111111111 de doctoribus, magistris vel 1111111111,
1011 legentibus, mori, autaliquem de decanis 111 procuratoribus, quod

 

