111111111

111111111111111111111 11111111111111 11111111111 11111-

111 111111 1111111111111 »1111111(1111111111111111 111111-
111111 1111111111 1111111111111 11111111 11111111111. 1111111111
11111,1111111 11111 1111 11111 ily 11111111111 11111111 11111111,
1 111111111-111 ily 16111111 1111111111 111111111 1111111111
11111111 11111 11111111111 11111111 111111111111, 111111 11111-
111111111 1111, 11111 1 11111111 11111111 11111111 1111111111
11111111111111111111111111111111 11 11111111, 1111111111 11 ide-
111111 111111111111111 1111111 1111111111 11111111111111111111-
11111111. 111 1111111 11111, 11111 1111 11111111 1 11111111 111-
1111111 111111111111111 111111111111 1111111, mint 11111111 111111.
Β111111 111 111 1111111111 11 nem 1 (1111111, 11111111 1111111
111111 (1111111111) 11111111 1111111111 1111111111 11111111111
111111111111 111111111111 az 11111 11111111 11111, 11111111.
(1111 11111111), 111111 1111111111 11111111111111111 111111111-
111111, 1 1111111 111111111 1111111 111111-1111111 1111111111ὄά-
111, 1111111 1111111 1111111111 11111111111 11111111111,1
mint 111111111111111 1111111, 1111111111 1111111111111, 11111
11111 11111111 el 11 11111111 1 1111111111.

Η1 111 1111111111 111111111111 111111111111,111111 1111111-
1111 1111111111 11111111111111111111111 1111111111 1111111111,
11111111111111 1111 11 1111111111, 1111111111 11111111 11 11111
11111, 111 11111111111, 1111111111 bizalmasabb 1111111111 1
mindennapi 1111 1111111111, 11111111 1111111111 111 1111111 1111-
111111 11111111, 11111111111111 111111 11111111111 111111111
111111 1111111111111111, mint az 1111111111 1111111111 1111111111 11111
1111111111. Α1111 11 nem 1111111 11111 11111111116111111
Ι1111111 p. 1111111111111, 11111111111111111111111111 1111111111-

 

